[header]
width=20
height=27
tilewidth=70
tileheight=70
orientation=orthogonal
background_color=0,0,0,255

[tilesets]
tileset=CS3113_Class/assets/graphics/Platformer assets (1330 assets)/Base pack (360 assets)/Tiles/tiles_spritesheet.png,70,70,0,0
tileset=CS3113_Class/assets/graphics/Platformer assets (1330 assets)/Base pack (360 assets)/Items/coinGold.png,70,70,0,0

[layer]
type=tileLayer
data=
148,148,148,148,148,148,148,148,148,148,148,148,148,148,148,148,148,148,148,148,
148,0,0,0,0,0,0,0,0,0,0,0,0,0,0,0,0,0,0,148,
148,0,0,0,0,0,0,0,0,0,0,0,0,0,0,0,0,0,0,148,
148,0,0,0,0,0,0,0,0,17,170,0,0,0,0,0,0,0,0,148,
148,0,0,0,0,0,0,0,0,0,0,0,0,0,0,0,0,0,0,148,
148,0,0,0,171,157,143,0,0,0,0,0,0,171,157,143,0,0,0,148,
148,0,0,0,0,0,0,0,0,0,0,0,0,0,0,0,0,0,0,148,
148,0,0,0,0,0,0,0,0,0,0,0,0,0,0,0,0,0,0,148,
148,0,0,0,0,0,0,0,171,157,157,143,0,0,0,0,0,0,0,148,
148,0,0,0,0,0,0,0,0,0,0,0,0,0,0,0,0,0,0,148,
148,0,0,0,0,0,0,0,0,0,0,0,0,0,0,0,0,0,0,148,
148,148,0,0,131,117,103,0,0,0,0,0,0,131,117,103,0,0,148,148,
148,148,0,0,0,0,0,0,0,0,0,0,0,0,0,0,0,0,148,148,
148,148,0,0,0,0,0,0,0,0,0,0,0,0,0,0,0,0,148,148,
148,148,0,0,0,0,0,0,131,117,117,103,0,0,0,0,0,0,148,148,
148,148,0,0,0,0,0,0,0,0,0,0,0,0,0,0,0,0,148,148,
148,148,0,0,0,0,0,0,0,0,0,0,0,0,0,0,0,0,148,148,
148,148,148,0,134,120,106,0,0,0,0,0,0,134,120,106,0,148,148,148,
148,148,148,0,0,0,0,0,0,0,0,0,0,0,0,0,0,148,148,148,
148,148,148,0,0,0,0,0,0,0,0,0,0,0,0,0,0,148,148,148,
148,148,148,0,0,0,0,24,134,120,120,106,0,0,0,0,0,148,148,148,
148,148,148,0,0,0,0,36,0,0,0,0,0,0,0,0,0,148,148,148,
148,148,148,0,0,0,0,36,0,0,0,0,0,0,0,0,0,148,148,148,
177,177,176,120,120,120,120,120,120,120,120,120,120,120,120,120,120,23,177,177,
177,177,177,177,177,177,177,177,177,177,177,177,177,177,177,177,177,177,177,177,
177,177,177,177,177,177,177,177,177,177,177,177,177,177,177,177,177,177,177,177,
177,177,177,177,177,177,177,177,177,177,177,177,177,177,177,177,177,177,177,177

[coinLayer]
# Coin
type=Coin
location=9,2,1,1

[coinLayer]
# Coin
type=Coin
location=4,4,1,1

[coinLayer]
# Coin
type=Coin
location=5,4,1,1

[coinLayer]
# Coin
type=Coin
location=13,4,1,1

[coinLayer]
# Coin
type=Coin
location=14,4,1,1

