[header]
width=20
height=27
tilewidth=70
tileheight=70
orientation=orthogonal
background_color=0,0,0,255

[tilesets]
tileset=../../../CS3113_Class/assets/graphics/Platformer assets (1330 assets)/Base pack (360 assets)/Tiles/tiles_spritesheet.png,70,70,0,0
tileset=../../../CS3113_Class/assets/graphics/Platformer assets (1330 assets)/Base pack (360 assets)/Items/coinGold.png,70,70,0,0
tileset=coinGold.png,36,52,0,0

[layer]
type=tileLayer
data=
148,148,148,148,148,148,148,148,148,148,148,148,148,148,148,148,148,148,148,148,
148,0,0,0,0,0,0,0,0,0,0,0,0,0,0,0,0,0,0,148,
148,0,0,0,0,0,0,0,0,0,0,0,0,0,0,0,0,0,0,148,
148,0,0,0,0,0,0,0,0,17,170,0,0,0,0,0,0,0,0,148,
148,0,0,0,0,0,0,0,0,0,0,0,0,0,0,0,0,0,0,148,
148,0,0,0,171,157,143,0,0,0,0,0,0,171,157,143,0,0,0,148,
148,0,0,0,0,0,0,0,0,0,0,0,0,0,0,0,0,0,0,148,
148,0,0,0,0,0,0,0,0,0,89,0,0,0,0,0,0,0,0,148,
148,0,0,0,0,0,0,0,171,157,157,143,0,0,0,0,0,0,0,148,
148,0,0,0,0,0,155,0,0,0,0,0,0,0,0,0,0,0,0,148,
148,0,0,0,0,169,91,0,0,0,0,0,0,0,0,0,0,0,0,148,
148,148,0,0,131,117,103,0,0,0,0,0,0,131,117,103,0,0,148,148,
148,148,0,0,0,0,0,0,0,0,0,0,0,0,0,0,0,0,148,148,
148,148,0,0,0,0,0,0,0,0,57,0,0,0,0,0,0,0,148,148,
148,148,0,0,0,0,0,0,131,117,117,103,0,0,0,0,0,0,148,148,
148,148,0,0,0,169,0,0,0,0,0,0,0,0,0,0,0,0,148,148,
148,148,0,0,0,128,128,0,0,0,0,0,0,0,169,0,0,0,148,148,
148,148,148,0,134,120,106,0,0,0,0,0,0,134,120,106,0,148,148,148,
148,148,148,0,0,0,0,0,0,0,0,0,0,0,0,0,0,148,148,148,
148,148,148,0,0,0,0,0,0,155,169,0,0,0,0,0,0,148,148,148,
148,148,148,0,0,0,0,24,134,120,120,106,0,0,0,0,0,148,148,148,
148,148,148,0,0,0,0,36,0,0,0,0,0,155,155,0,0,148,148,148,
148,148,148,0,47,0,0,36,0,0,0,0,155,155,155,169,0,148,148,148,
177,177,176,120,120,120,120,120,120,120,120,120,120,120,120,120,120,23,177,177,
177,177,177,177,177,177,177,177,177,177,177,177,177,177,177,177,177,177,177,177,
177,177,177,177,177,177,177,177,177,177,177,177,177,177,177,177,177,177,177,177,
177,177,177,177,177,177,177,177,177,177,177,177,177,177,177,177,177,177,177,177

[coinLayer]
# coin
type=coin
location=5,4,0,0

[coinLayer]
# coin
type=coin
location=10,2,0,0

[coinLayer]
# coin
type=coin
location=14,4,0,0

[coinLayer]
# coin
type=coin
location=15,4,0,0

[coinLayer]
# coin
type=coin
location=6,4,0,0

[coinLayer]
# coin
type=coin
location=4,4,0,0

[coinLayer]
# coin
type=coin
location=13,5,0,0

[coinLayer]
# coin
type=coin
location=9,2,0,0

[coinLayer]
# coin
type=coin
location=11,7,0,0

[coinLayer]
# coin
type=coin
location=9,7,0,0

[coinLayer]
# coin
type=coin
location=8,7,0,0

[coinLayer]
# coin
type=coin
location=5,9,0,0

[coinLayer]
# coin
type=coin
location=14,10,0,0

[coinLayer]
# coin
type=coin
location=9,12,0,0

[coinLayer]
# coin
type=coin
location=13,15,0,0

[coinLayer]
# coin
type=coin
location=4,15,0,0

[coinLayer]
# coin
type=coin
location=10,18,0,0

